年份 | 全国总人口 | 总迁徙人口 | 迁徙比率(%)
----------------------------------------------------------------------
2000 | 195,767,525 | 121,066,958 | 61.8422%
2001 | 204,301,496 | 125,799,134 | 61.5752%
2002 | 214,673,149 | 130,540,091 | 60.8088%
2003 | 221,386,629 | 135,259,760 | 61.0966%
2004 | 232,916,504 | 140,002,732 | 60.1085%
2005 | 247,448,443 | 147,346,420 | 59.5463%
2006 | 269,006,635 | 163,260,780 | 60.6902%
2007 | 292,217,648 | 179,168,885 | 61.3135%
2008 | 315,997,413 | 195,084,348 | 61.7361%
2009 | 341,914,433 | 210,996,824 | 61.7104%
2010 | 355,261,776 | 220,994,678 | 62.2062%
2011 | 350,296,318 | 230,017,088 | 65.6636%
2012 | 348,630,710 | 236,003,719 | 67.6945%
2013 | 354,730,714 | 245,000,977 | 69.0668%
2014 | 360,138,594 | 253,005,632 | 70.2523%
2015 | 346,528,536 | 247,003,304 | 71.2794%
2016 | 339,708,448 | 245,001,273 | 72.121%
2017 | 335,123,996 | 244,005,626 | 72.8106%
2018 | 328,541,237 | 241,004,147 | 73.3558%
2019 | 320,040,846 | 236,004,458 | 73.742%
2020 | 506,768,056 | 375,993,958 | 74.1945%
