年份 | 全国总人口 | 全国迁徙人口 | 人口流动率(%)
----------------------------------------------------------------------
2000 | 1,172,696,832 | 258,381,487 | 22.03%
2001 | 1,160,871,961 | 201,711,562 | 17.38%
2002 | 1,173,023,561 | 181,626,119 | 15.48%
2003 | 1,183,820,127 | 178,650,973 | 15.09%
2004 | 1,193,492,160 | 179,521,139 | 15.04%
2005 | 1,200,920,681 | 180,636,862 | 15.04%
2006 | 1,206,740,049 | 182,345,075 | 15.11%
2007 | 1,207,775,227 | 184,147,208 | 15.25%
2008 | 1,207,965,317 | 186,001,895 | 15.4%
2009 | 1,208,860,565 | 187,456,498 | 15.51%
2010 | 1,243,804,640 | 193,377,621 | 15.55%
2011 | 1,228,497,128 | 190,939,201 | 15.54%
2012 | 1,242,689,323 | 192,922,338 | 15.52%
2013 | 1,259,149,850 | 195,002,643 | 15.49%
2014 | 1,278,169,503 | 197,305,154 | 15.44%
2015 | 1,299,326,631 | 200,230,721 | 15.41%
2016 | 1,319,143,031 | 201,413,829 | 15.27%
2017 | 1,335,112,279 | 202,063,882 | 15.13%
2018 | 1,347,162,055 | 202,839,425 | 15.06%
2019 | 1,357,375,906 | 203,865,527 | 15.02%
2020 | 1,373,534,646 | 206,030,193 | 15.0%
